4	66
5	49
6	56
8	66
9	88
11	68
12	13
15	64
16	71
16	77
19	35
19	43
20	65
20	89
23	78
23	292
24	42
34	43
49	81
50	86
63	64
64	370
65	89
71	77
75	262
75	335
75	357
76	77
76	98
79	104
82	99
85	105
87	114
91	114
95	102
96	99
96	205
99	205
106	113
107	115
108	115
118	152
119	152
121	122
121	165
122	165
122	166
123	127
124	137
124	154
124	161
126	130
126	135
127	142
128	132
129	143
129	154
129	155
131	151
131	164
132	142
136	146
138	139
139	146
142	155
142	161
144	156
145	159
146	149
147	148
150	151
153	158
155	161
159	160
159	164
161	162
167	168
173	174
175	190
175	191
176	269
176	329
180	279
181	213
182	623
185	186
185	202
186	220
186	300
188	210
189	209
190	192
190	193
191	192
194	196
202	219
203	221
206	243
208	288
210	668
211	249
213	227
214	393
216	217
216	218
216	254
217	218
217	254
225	231
226	335
226	357
227	392
228	240
229	393
229	394
230	322
235	275
236	251
236	252
237	820
237	821
246	257
247	274
251	252
256	257
267	278
269	282
269	329
270	684
270	780
270	823
277	289
282	293
282	329
288	301
293	294
293	295
298	299
302	639
302	692
302	761
302	855
303	304
303	366
303	401
304	384
304	385
307	308
307	340
308	369
309	360
311	362
311	398
312	414
315	365
316	418
318	401
319	410
320	321
320	415
321	350
321	413
321	415
323	373
323	383
325	352
330	411
331	345
331	346
331	390
331	410
333	363
335	357
337	405
338	339
338	351
338	408
339	340
339	351
339	408
341	358
343	360
345	354
345	390
346	347
346	411
347	391
350	355
350	364
350	372
350	413
354	374
355	364
355	372
364	372
373	383
374	380
379	395
379	412
381	416
384	385
386	401
387	402
392	394
396	412
398	415
403	406
405	406
414	416
420	434
421	429
422	429
423	424
423	441
424	437
424	441
425	433
425	436
425	439
425	442
425	450
427	433
427	439
427	450
428	447
430	1733
430	1734
430	1761
431	1766
431	1767
432	446
435	448
436	438
436	439
436	442
436	450
437	441
438	442
439	450
440	444
440	449
442	450
452	517
453	454
453	550
454	550
455	490
455	590
456	536
456	590
458	493
458	552
459	523
460	461
460	594
461	581
461	594
462	463
462	507
462	508
463	507
465	494
465	510
465	554
466	605
467	482
467	503
467	547
468	483
468	533
469	513
469	609
470	486
470	487
470	505
470	515
470	576
470	611
471	536
473	506
473	520
474	581
474	594
474	596
475	565
477	496
477	497
477	544
479	545
479	603
480	500
481	556
482	503
482	513
482	547
482	575
483	533
484	485
484	504
484	514
485	514
486	487
486	515
486	611
487	515
487	549
487	611
489	578
490	491
492	552
494	554
495	543
496	543
496	544
497	544
499	500
499	604
500	601
501	569
502	574
502	588
503	547
505	548
505	576
507	508
507	595
507	596
508	595
509	564
510	528
511	526
511	527
512	605
513	547
513	575
513	609
516	577
516	589
518	535
519	592
520	539
521	523
521	706
521	776
522	539
522	562
524	581
524	594
528	545
528	603
529	556
529	570
530	532
530	559
531	532
531	558
531	559
531	571
531	606
532	559
539	562
540	541
542	582
545	603
546	572
547	575
547	609
548	549
548	576
548	611
549	611
555	587
557	588
558	606
558	607
559	573
559	608
560	610
562	598
566	600
567	568
567	602
568	586
568	602
571	606
573	608
577	589
580	593
581	594
581	596
582	599
583	599
584	585
586	602
587	601
588	606
612	640
612	740
612	741
613	720
614	642
614	834
614	858
615	834
616	671
616	808
617	648
617	677
617	678
619	746
619	747
619	864
620	705
620	770
621	772
621	773
621	815
621	816
622	777
622	817
626	709
627	628
627	710
627	781
630	728
630	783
633	732
633	733
633	824
633	845
633	870
635	688
635	691
635	736
636	805
636	878
637	737
638	665
639	691
639	692
639	761
639	879
640	670
640	740
640	741
641	806
642	858
643	719
644	645
644	696
644	765
645	696
645	765
647	861
648	676
648	677
649	700
649	769
649	861
650	748
650	860
650	863
651	679
651	725
651	774
652	837
654	822
655	685
656	826
658	872
659	756
659	827
659	873
661	717
662	793
662	912
663	664
663	690
663	760
663	791
664	760
665	667
665	692
665	693
665	879
666	693
666	854
666	879
667	693
667	795
667	854
667	879
668	692
668	855
669	857
671	808
672	742
672	768
672	811
674	698
674	721
674	812
675	743
675	800
675	813
676	677
676	700
677	678
679	702
679	725
679	746
679	837
680	703
680	704
680	707
681	841
682	782
683	869
684	823
685	825
686	804
686	876
687	788
687	804
688	736
688	792
689	794
689	984
690	791
692	761
692	855
692	879
693	795
693	854
693	879
694	762
695	798
696	765
697	722
697	767
698	723
699	774
699	837
701	724
701	745
702	816
702	837
703	704
703	707
704	707
705	770
705	836
706	708
706	776
707	775
707	839
708	776
709	749
710	781
713	755
714	871
715	758
715	787
716	760
716	791
717	795
720	807
721	744
721	768
722	744
723	769
724	745
725	746
726	842
727	818
727	819
727	820
727	821
728	783
729	750
729	822
729	843
730	731
731	754
732	733
732	824
732	845
733	824
733	845
733	870
734	850
735	790
736	792
737	853
738	877
739	831
740	741
742	811
743	813
746	747
747	816
747	864
748	770
748	801
748	836
748	863
750	822
750	843
752	803
753	754
756	875
758	787
759	792
759	877
760	791
761	879
762	796
763	764
763	833
763	880
764	831
764	832
764	833
766	834
768	812
769	861
771	815
772	816
773	815
774	837
775	839
777	817
779	866
780	823
782	841
785	846
786	851
788	804
788	876
789	852
790	792
792	877
795	854
795	878
801	836
802	842
804	876
805	878
807	810
808	810
809	859
811	835
812	860
816	837
818	819
818	820
819	866
820	821
822	843
827	875
831	832
838	840
845	846
848	849
854	879
856	857
860	863
881	892
882	903
882	904
882	915
882	960
883	940
885	943
885	974
885	983
886	911
886	921
886	952
886	957
886	963
887	894
888	956
889	946
890	900
891	961
893	943
893	953
893	983
895	935
895	955
895	965
896	935
896	944
896	945
897	912
897	928
898	938
899	901
900	946
902	958
902	967
903	915
903	969
904	917
904	948
904	960
905	931
905	939
906	950
907	908
907	920
907	960
909	920
910	932
910	950
911	921
911	952
911	957
913	930
913	971
913	972
913	980
914	947
914	958
914	968
914	981
915	948
915	960
915	969
916	918
916	930
916	940
917	971
917	972
918	940
918	949
919	949
919	981
920	982
921	933
921	957
921	963
922	932
922	934
922	942
923	924
925	926
925	945
925	975
925	976
926	976
927	944
928	984
929	968
930	948
930	980
931	970
932	934
933	951
933	963
934	942
935	955
935	965
936	937
938	977
943	983
944	945
945	975
947	959
947	981
948	960
952	957
953	983
954	1063
955	965
957	963
958	967
958	968
964	965
966	1012
971	972
974	983
975	976
985	1086
985	1100
986	1014
986	1074
986	1107
987	1075
987	1122
988	989
990	1110
991	1034
992	1004
992	1020
993	1021
995	1092
996	1008
996	1116
998	1084
998	1118
998	1153
998	1154
999	1069
999	2605
1000	1042
1000	1043
1000	1099
1001	1031
1001	1121
1002	1123
1002	1142
1003	1017
1003	1089
1004	1020
1004	1110
1005	1035
1005	1053
1005	1128
1005	1147
1006	1007
1006	1060
1006	2700
1007	2625
1007	2700
1007	2787
1008	1116
1009	1010
1009	1064
1009	1065
1009	1094
1009	1095
1010	1095
1011	1067
1011	1135
1012	1136
1013	1040
1014	1074
1014	1107
1015	1046
1015	1047
1015	1107
1016	1032
1016	1076
1018	1078
1018	1090
1018	1109
1019	1051
1019	1108
1022	1054
1022	1079
1022	1147
1023	1036
1023	1058
1023	1131
1023	1151
1024	1025
1024	1037
1024	1081
1024	1083
1025	1083
1025	1134
1026	1068
1027	1097
1027	1098
1027	1156
1028	1156
1029	1070
1031	1044
1031	1121
1032	1142
1033	1123
1034	1126
1035	1128
1036	1131
1037	1081
1038	1062
1038	1115
1039	1085
1039	1097
1039	1098
1039	1156
1039	1157
1040	1120
1041	1102
1042	1043
1042	1104
1043	1099
1044	1045
1044	1072
1045	1046
1045	1073
1045	1105
1046	1107
1047	1088
1048	1075
1048	1122
1049	1076
1050	1123
1051	1108
1053	1054
1053	1128
1053	1147
1054	1147
1056	1057
1056	1132
1057	1132
1058	1114
1058	1131
1058	1151
1059	1082
1059	1133
1059	1152
1061	1062
1061	1115
1064	1094
1066	1117
1068	1119
1069	2605
1071	1106
1072	1105
1074	1107
1075	1122
1077	1109
1078	1090
1078	1109
1079	1144
1079	1147
1080	1129
1080	1148
1081	1150
1082	1133
1084	1094
1084	1095
1084	1153
1084	1154
1085	1120
1085	1137
1085	1157
1086	1087
1086	1100
1086	1139
1091	1111
1091	1127
1092	1093
1095	1153
1095	1154
1096	1155
1097	1098
1101	2605
1103	1140
1108	1124
1112	1149
1113	1149
1114	1131
1118	1119
1128	1146
1129	1148
1133	1152
1137	1157
1138	1139
1141	1143
1150	1151
1153	1154
1158	1262
1158	1301
1158	1339
1159	1263
1159	1410
1160	1187
1160	1265
1160	1412
1161	1265
1161	1384
1162	1186
1162	1231
1162	1413
1163	1308
1164	1234
1164	1343
1165	1236
1165	1269
1165	1309
1166	1190
1166	1212
1168	1217
1169	1218
1171	1248
1171	1395
1171	1463
1172	1196
1172	1248
1173	1249
1173	1352
1173	1466
1174	1175
1174	1251
1175	1222
1175	1251
1176	1438
1177	1202
1177	1402
1178	1288
1178	1291
1178	1403
1178	1404
1178	1475
1179	1204
1179	1290
1179	1291
1179	1405
1179	1474
1180	1292
1180	1444
1180	1478
1181	1258
1182	1298
1182	1368
1183	1484
1184	1299
1184	1369
1185	1340
1185	1371
1186	1304
1187	1265
1188	1311
1188	1416
1188	1452
1190	1454
1191	1317
1191	1422
1191	1455
1192	1344
1193	1344
1194	1242
1194	1318
1194	1427
1194	1458
1196	1280
1196	1394
1196	1432
1197	1320
1197	1433
1199	1283
1199	1354
1200	1469
1201	1472
1202	1402
1203	1288
1203	1403
1203	1473
1204	1290
1204	1477
1205	1225
1205	1257
1205	1291
1206	1294
1206	1334
1206	1366
1206	1367
1206	1446
1207	1482
1208	1337
1208	1485
1209	1229
1209	1305
1210	1265
1210	1340
1210	1371
1210	1384
1211	1315
1211	1453
1213	1240
1214	1273
1214	1316
1214	1345
1214	1455
1216	1316
1216	1345
1216	1391
1218	1219
1220	1281
1220	1467
1221	1223
1221	1398
1222	1323
1224	1357
1224	1377
1225	1406
1226	1378
1227	1369
1229	1303
1229	1411
1230	1383
1231	1413
1232	1341
1233	1237
1233	1266
1234	1236
1234	1450
1235	1267
1235	1387
1236	1450
1237	1386
1237	1417
1237	1418
1238	1314
1238	1390
1239	1270
1241	1317
1241	1422
1242	1318
1242	1351
1242	1458
1242	1462
1243	1374
1243	1393
1244	1279
1246	1394
1246	1432
1248	1432
1248	1463
1249	1466
1252	1399
1253	1285
1253	1286
1253	1436
1254	1326
1255	1357
1255	1375
1255	1377
1255	1441
1255	1442
1257	1291
1257	1404
1258	1379
1259	1366
1259	1445
1261	1409
1262	1301
1262	1339
1263	1410
1264	1303
1265	1412
1267	1387
1267	1388
1268	1452
1269	1309
1269	1313
1273	1316
1273	1345
1274	1423
1275	1346
1276	1349
1277	1350
1277	1393
1278	1428
1279	1428
1281	1467
1282	1354
1282	1434
1284	1398
1285	1436
1287	1355
1287	1400
1288	1327
1288	1403
1288	1473
1288	1475
1289	1290
1289	1360
1289	1375
1289	1478
1290	1360
1290	1474
1290	1477
1292	1478
1293	1330
1293	1480
1293	2133
1293	2228
1294	1296
1294	1367
1295	1336
1296	1335
1296	1482
1297	1409
1298	1334
1298	1367
1298	1368
1300	1370
1300	1381
1302	1410
1303	1411
1306	2336
1306	2494
1307	1384
1308	1449
1309	1313
1309	1451
1310	1311
1310	1452
1311	1372
1311	1416
1311	1452
1312	1386
1312	1418
1313	1451
1314	1390
1315	1453
1316	1345
1317	1422
1318	1427
1320	1433
1321	1396
1324	1400
1325	1473
1327	1403
1327	1441
1327	1473
1327	1475
1328	1375
1329	1358
1329	1361
1329	1443
1329	1476
1332	1480
1332	2187
1333	1380
1333	1408
1333	1481
1334	1367
1334	1446
1335	1367
1335	1446
1335	1482
1336	1483
1337	1485
1340	1371
1342	1415
1345	1391
1348	1426
1348	1459
1350	1393
1351	1393
1351	1462
1352	1465
1354	1434
1356	1357
1357	1377
1357	1442
1358	1361
1358	1476
1359	1406
1361	1443
1362	1407
1365	1408
1366	1445
1367	1446
1370	1381
1373	1392
1373	1458
1373	1460
1374	1433
1375	1403
1377	1442
1379	1445
1380	1408
1380	1481
1385	1414
1386	1418
1387	1388
1389	1419
1392	1427
1392	1458
1392	1461
1395	1463
1402	1440
1403	1474
1403	1475
1405	1477
1406	1475
1406	1478
1407	1479
1408	1481
1411	1448
1416	1452
1417	1418
1422	1455
1425	1457
1426	1459
1427	1458
1431	1463
1438	1439
1441	1442
1468	1469
1480	2187
1480	2228
1482	1485
1487	1566
1488	1540
1488	1567
1489	1515
1489	1516
1489	1573
1490	1596
1490	1712
1491	1694
1492	1597
1492	1598
1493	1524
1493	1641
1493	1662
1494	1700
1494	1716
1495	1608
1496	1546
1497	1584
1497	1754
1498	1548
1498	1611
1498	1612
1498	1647
1498	1701
1499	1552
1500	1702
1501	1550
1501	1552
1501	1614
1502	1630
1502	1650
1502	1682
1503	1649
1504	1506
1504	1632
1504	1665
1504	1682
1504	1705
1504	1707
1505	1554
1505	1555
1505	1589
1506	1615
1506	1650
1506	1651
1506	1682
1506	1707
1507	1531
1507	1684
1507	1704
1508	1535
1509	1686
1509	1709
1510	1635
1510	1690
1511	1618
1511	1619
1512	1564
1513	1538
1513	1566
1513	1668
1515	1626
1517	1542
1517	1712
1518	1519
1518	1627
1518	1693
1520	1638
1521	1637
1521	1660
1523	1601
1524	1662
1525	1604
1525	1628
1525	1699
1526	1603
1527	1580
1527	1700
1528	1647
1529	1551
1529	1588
1530	1615
1530	1651
1530	1683
1531	1666
1531	1684
1532	1653
1532	1721
1533	1534
1533	1654
1534	1557
1534	1654
1535	1556
1536	1562
1536	1563
1536	1657
1536	1691
1537	1659
1537	1689
1538	1539
1538	1565
1538	1566
1538	1668
1540	1623
1540	1624
1541	1571
1543	1729
1544	1576
1544	1661
1546	1644
1547	1610
1548	1611
1548	1647
1548	1701
1551	1588
1551	1630
1551	1648
1552	1614
1552	1631
1553	1631
1553	1633
1553	1703
1553	1719
1554	1555
1556	1685
1557	1654
1558	1687
1559	1561
1559	1635
1559	1655
1559	1709
1560	1590
1560	1616
1560	1656
1560	1657
1561	1635
1562	1656
1562	1657
1564	1692
1566	1668
1567	1674
1568	1673
1568	1674
1569	1622
1569	1623
1570	1624
1570	1674
1571	1572
1573	1626
1574	1627
1574	1676
1574	1677
1574	1678
1576	1661
1578	1695
1578	1697
1579	1605
1580	1700
1581	1609
1581	1644
1582	1681
1583	1645
1583	1664
1583	1757
1584	1646
1585	1586
1585	1629
1586	1629
1587	1629
1588	1648
1588	1705
1590	1657
1591	1617
1591	1620
1591	1710
1592	1671
1592	1672
1593	1675
1594	1625
1595	1626
1599	1636
1599	1679
1599	1713
1600	1714
1603	1642
1604	1699
1606	1700
1607	1700
1607	1716
1607	1717
1608	1680
1609	1644
1611	1647
1612	1647
1612	1701
1613	1633
1614	1631
1614	1633
1614	1719
1615	1651
1615	1707
1616	1656
1618	1619
1620	1710
1621	1622
1621	1711
1623	1711
1627	1677
1627	1693
1630	1650
1630	1705
1631	1703
1632	1665
1632	1707
1633	1719
1634	1652
1634	1685
1635	1655
1635	1690
1636	1679
1636	1713
1637	1660
1639	1695
1640	1697
1641	1662
1642	1662
1643	1715
1645	1664
1647	1701
1649	1721
1650	1705
1651	1665
1651	1683
1651	1707
1651	1720
1653	1721
1656	1657
1657	1691
1663	1717
1665	1707
1666	1708
1669	1670
1671	1672
1673	1674
1676	1677
1676	1678
1677	1678
1682	1720
1683	1720
1686	1709
1687	1688
1693	1694
1716	1717
1722	1736
1723	1749
1724	1758
1725	1745
1725	1752
1726	1766
1727	1728
1727	1769
1728	1769
1730	1731
1730	1738
1730	1758
1730	1764
1731	1738
1731	1758
1731	1764
1732	1753
1732	1760
1733	1761
1734	1756
1734	1767
1735	1746
1735	1763
1736	1748
1736	1770
1737	1742
1737	1771
1738	1758
1739	1740
1739	1743
1740	1759
1741	1768
1742	1750
1742	1771
1744	1751
1746	1762
1746	1763
1747	1768
1748	1770
1753	1759
1753	1760
1755	1760
1755	1765
1760	1765
1762	1763
1762	1769
1763	1769
1772	1793
1772	1825
1774	1786
1775	1787
1776	1782
1777	1801
1778	1795
1779	1784
1779	1791
1779	1792
1780	1814
1780	1820
1783	1795
1785	1796
1785	1813
1785	1821
1786	1794
1787	1800
1788	1803
1788	1818
1788	1823
1790	1811
1790	1819
1791	1792
1792	1806
1792	1812
1793	1820
1793	1825
1794	1816
1797	1798
1803	1818
1803	1823
1804	1805
1806	1812
1807	1809
1807	1824
1809	1824
1810	1813
1810	1821
1810	1822
1813	1821
1813	1822
1818	1823
1820	1825
1821	1822
1822	1826
1827	1935
1827	2044
1828	1950
1828	2086
1828	2087
1829	1917
1830	2072
1831	2075
1832	1884
1832	1985
1832	2034
1833	1992
1834	1890
1834	1992
1835	1837
1836	1853
1836	1858
1836	2041
1838	1857
1839	2043
1840	1892
1841	1912
1841	2087
1842	1990
1842	2009
1842	2012
1843	2012
1844	1891
1845	1948
1845	1950
1845	2086
1846	1938
1847	1946
1847	1974
1848	1914
1848	1995
1849	2006
1849	2024
1850	2061
1851	1852
1854	1893
1854	1934
1855	1956
1856	2019
1856	2090
1858	2041
1859	1995
1859	2016
1860	1916
1860	1956
1861	1984
1861	2030
1861	2054
1861	2078
1862	1929
1863	1991
1863	2011
1864	1890
1867	2050
1867	2051
1868	1927
1868	1986
1869	1988
1870	2011
1870	2064
1871	1891
1871	2040
1871	2065
1872	3382
1872	3475
1873	1959
1873	1976
1873	2026
1876	1966
1877	1967
1878	1900
1878	1901
1878	2029
1878	2076
1879	2004
1881	1941
1881	2079
1882	1924
1882	2032
1882	2055
1883	1925
1883	2005
1884	1885
1884	1904
1884	1985
1884	2034
1884	2057
1885	1904
1885	2034
1885	2057
1886	2080
1888	1930
1888	2038
1889	1931
1889	2010
1890	1992
1892	1975
1893	1934
1896	1921
1896	1962
1896	1979
1897	1980
1897	2022
1897	2027
1898	1981
1898	2028
1899	1982
1899	2001
1900	1901
1900	1922
1901	1922
1902	1923
1903	1926
1903	2033
1903	2056
1904	1905
1904	2034
1906	1927
1906	1942
1907	1970
1908	1943
1908	1969
1908	1987
1909	1988
1910	1932
1910	1973
1911	1975
1912	1933
1913	1935
1913	1936
1913	2045
1914	2070
1914	2088
1915	2025
1915	2046
1915	2047
1916	1956
1918	1919
1918	1957
1920	1939
1920	1997
1921	1962
1921	1979
1921	2048
1924	2032
1924	2055
1925	2005
1926	2032
1926	2033
1927	1942
1927	1986
1930	1945
1930	2038
1931	2038
1932	2015
1933	2015
1935	1947
1935	2045
1936	1951
1936	2045
1937	2068
1939	1996
1939	1997
1940	1999
1941	2079
1942	1986
1943	1969
1944	2062
1945	2038
1947	2045
1948	2086
1949	2068
1950	2086
1950	2087
1951	2069
1951	2085
1952	1953
1953	1954
1953	2017
1955	2025
1955	2046
1955	2089
1956	2018
1958	1959
1959	1976
1960	1961
1960	1978
1961	1978
1962	1979
1962	2048
1963	2021
1963	2049
1965	2002
1969	1987
1970	1971
1970	2036
1970	2059
1971	2036
1971	2059
1972	1993
1972	2013
1973	2014
1973	2015
1973	2043
1974	2042
1979	2048
1979	2073
1979	2074
1980	2022
1981	2028
1982	2001
1983	2004
1984	2030
1984	2078
1985	2034
1985	2057
1989	2081
1990	2082
1994	2040
1994	2065
1998	1999
1998	2023
2000	2001
2003	2053
2003	2054
2003	2078
2006	2024
2006	2035
2008	2062
2009	2082
2011	2064
2014	2015
2014	2043
2019	2090
2020	2091
2021	2049
2025	2089
2029	2076
2034	2057
2040	2065
2046	2047
2048	2074
2050	2051
2053	2054
2054	2078
2069	2085
2071	3475
2071	3502
2073	2074
2076	2077
2092	2192
2093	2140
2093	2542
2094	2140
2094	2280
2094	2490
2095	2286
2095	2449
2096	2383
2096	2451
2097	2332
2098	2332
2099	2235
2099	2333
2099	2548
2100	2199
2100	2200
2100	2334
2102	2145
2102	2146
2102	2294
2104	2203
2105	2106
2105	2203
2105	2453
2106	2240
2108	2460
2109	2153
2110	2206
2110	2297
2110	2298
2111	2114
2111	2156
2111	2162
2111	2163
2112	2159
2112	2212
2112	2245
2112	2246
2112	2468
2114	2156
2115	2161
2115	2346
2116	2164
2116	2405
2116	2509
2117	2351
2117	2509
2117	2569
2118	2407
2119	2306
2119	2568
2119	2575
2120	2474
2120	2575
2121	2171
2121	2261
2121	2355
2121	2356
2122	2262
2122	2477
2122	2583
2123	2219
2123	2518
2123	2581
2124	2220
2124	2581
2124	2585
2125	2358
2126	2176
2126	2223
2126	2524
2127	2177
2127	2418
2128	2271
2129	2131
2130	2319
2130	2320
2130	2593
2131	2274
2132	2186
2132	2227
2132	2322
2132	2534
2132	2595
2133	2228
2134	2371
2134	2536
2135	2230
2137	2191
2138	2378
2139	2445
2139	2446
2139	2541
2140	2542
2141	2450
2142	2289
2142	2384
2143	2198
2143	2385
2144	2145
2144	2293
2144	2334
2144	2452
2145	2293
2145	2294
2145	2452
2146	2553
2147	2240
2147	2387
2148	2337
2148	2338
2148	2436
2148	2495
2150	2151
2150	2390
2151	2388
2151	2458
2151	2459
2152	2339
2152	2457
2152	2502
2152	2503
2152	2505
2153	2207
2154	2462
2155	2392
2155	2503
2155	2505
2156	2560
2157	2395
2157	2466
2159	2212
2159	2246
2159	2468
2159	2471
2160	2249
2160	2565
2161	2348
2162	2250
2162	2400
2162	2439
2162	2465
2164	2405
2164	2509
2165	2469
2166	2306
2166	2568
2167	2348
2167	2471
2168	2406
2168	2440
2168	2472
2169	2411
2169	2414
2169	2580
2170	2312
2170	2515
2171	2356
2172	2260
2172	2413
2173	2583
2174	2262
2174	2264
2175	2523
2176	2223
2178	2421
2178	2527
2179	2483
2180	2484
2180	2529
2181	2182
2183	2274
2184	2368
2184	2424
2185	2444
2186	2227
2186	2322
2186	2531
2188	2537
2189	2431
2189	2597
2190	2278
2193	2379
2193	2380
2194	2284
2194	2331
2194	2447
2195	2197
2195	2448
2195	2543
2196	2281
2196	2284
2196	2544
2197	2381
2197	2543
2198	2385
2199	2334
2200	2334
2200	2452
2203	2453
2204	2456
2204	2500
2205	2388
2206	2556
2208	2343
2208	2458
2208	2459
2210	2399
2210	2463
2211	2465
2212	2468
2213	2247
2214	2248
2214	2302
2214	2303
2214	2470
2214	2507
2215	2216
2215	2571
2216	2571
2217	2256
2217	2311
2217	2412
2217	2514
2217	2578
2218	2475
2219	2413
2219	2518
2219	2581
2220	2585
2221	2357
2222	2589
2223	2524
2224	2420
2224	2482
2225	2317
2225	2318
2225	2592
2225	2809
2226	2317
2226	2366
2227	2322
2227	2534
2229	2323
2229	2425
2229	2535
2230	2429
2231	2328
2233	2490
2234	2450
2234	2792
2235	2548
2235	2549
2235	2550
2236	2237
2238	2291
2238	2292
2238	2552
2239	2386
2239	2551
2239	2552
2240	2387
2241	2437
2241	2496
2241	2554
2242	2438
2242	2498
2242	2499
2243	2497
2244	2389
2244	2457
2244	2500
2245	2246
2245	2346
2246	2346
2247	2510
2248	2302
2248	2347
2248	2398
2248	2470
2249	2565
2250	2400
2251	2349
2252	2408
2252	2409
2252	2574
2253	2349
2255	2408
2255	2512
2256	2257
2257	2474
2257	2514
2259	2579
2260	2413
2261	2582
2262	2264
2262	2265
2262	2521
2264	2521
2266	2359
2268	2587
2269	2419
2269	2481
2270	2482
2272	2591
2273	2316
2273	2365
2273	2423
2273	2486
2275	2323
2275	2488
2275	2535
2276	2538
2277	2539
2277	2598
2278	2539
2282	2284
2282	2382
2284	2449
2286	2287
2286	2449
2287	2382
2289	2384
2289	2545
2290	2493
2290	2547
2291	2551
2291	2552
2292	2386
2292	2552
2294	2452
2297	2298
2297	2461
2298	2393
2298	2461
2298	2556
2299	2399
2299	2562
2299	2563
2300	2401
2301	2568
2302	2403
2302	2570
2304	2406
2304	2472
2304	2511
2305	2408
2306	2568
2306	2575
2308	2309
2308	2573
2308	2576
2309	2573
2309	2576
2310	2513
2310	2735
2311	2412
2311	2516
2311	2578
2313	2356
2313	2476
2314	2478
2315	2528
2315	2660
2316	2364
2316	2365
2317	2318
2318	2592
2318	2809
2319	2320
2319	2593
2321	2531
2322	2531
2322	2595
2323	2535
2323	2595
2324	2427
2324	2428
2325	2373
2325	2537
2326	2538
2327	2596
2327	2597
2328	2378
2329	2379
2329	2380
2331	2447
2331	2544
2333	2548
2334	2452
2336	2494
2337	2436
2337	2495
2338	2436
2338	2454
2339	2391
2339	2503
2340	2341
2342	2395
2343	2459
2344	2397
2344	2561
2345	2666
2345	2691
2345	2756
2347	2398
2348	2471
2350	2402
2350	2440
2350	2567
2351	2352
2351	2511
2351	2569
2352	2509
2352	2512
2354	2516
2356	2476
2357	2520
2357	2522
2360	2526
2360	2527
2364	2365
2366	2367
2368	2424
2370	2594
2372	2373
2372	2537
2373	2537
2374	2375
2377	2599
2377	2600
2377	2601
2379	2380
2381	2544
2383	2451
2384	2491
2384	2545
2385	2434
2386	2551
2389	2500
2392	2505
2393	2460
2393	2461
2393	2556
2396	2558
2397	2561
2397	2565
2399	2562
2402	2566
2402	2567
2403	2570
2404	2734
2405	2509
2406	2511
2406	2572
2407	2566
2407	2567
2408	2512
2408	2574
2409	2573
2409	2574
2410	2574
2411	2414
2411	2580
2412	2474
2414	2580
2415	2519
2416	2478
2416	2519
2417	2479
2417	2586
2417	2590
2421	2527
2422	2528
2423	2486
2425	2532
2425	2535
2430	2533
2432	2600
2436	2454
2437	2496
2437	2554
2438	2455
2438	2498
2439	2510
2440	2472
2441	2576
2442	2480
2445	2446
2445	2541
2446	2541
2448	2543
2456	2555
2460	2504
2460	2556
2461	2556
2464	2466
2466	2564
2467	2507
2470	2570
2473	2566
2474	2514
2475	2517
2484	2529
2487	2534
2487	2535
2488	2535
2489	2540
2493	2547
2496	2554
2501	2609
2503	2505
2504	2556
2511	2572
2513	2735
2516	2578
2518	2581
2523	2588
2528	2660
2539	2598
2546	2549
2546	2550
2548	2549
2549	2550
2551	2552
2562	2563
2566	2567
2592	2809
2596	2597
2602	2771
2603	2726
2603	2771
2604	2776
2604	2794
2606	2747
2607	2649
2607	2682
2608	2710
2611	2796
2612	2778
2613	2667
2613	2716
2613	2734
2613	2758
2615	2760
2616	2669
2616	2743
2617	2637
2618	2697
2619	2671
2620	2658
2620	2740
2621	2700
2621	2741
2623	2661
2623	2767
2624	2625
2625	2700
2625	2787
2626	2674
2627	2721
2627	2789
2628	2647
2628	2728
2628	2745
2628	2795
2629	2709
2629	2748
2630	2682
2631	2749
2633	2750
2633	2751
2634	2650
2634	2686
2634	2777
2634	2797
2635	2651
2635	2687
2636	2696
2636	2802
2638	2697
2638	2738
2638	2784
2639	2785
2639	2803
2640	2766
2641	2742
2642	2703
2645	2679
2647	2728
2647	2729
2647	2795
2649	2682
2649	2709
2650	2686
2651	2690
2653	2668
2655	2736
2655	2762
2656	2697
2657	2765
2658	2740
2660	2808
2661	2672
2661	2768
2662	2673
2662	2788
2662	2807
2664	2681
2665	2753
2665	2754
2665	2779
2666	2712
2666	2756
2667	2716
2667	2734
2669	2761
2670	2764
2672	2767
2672	2768
2673	2788
2674	2675
2675	2807
2677	2702
2680	2725
2685	2731
2686	2797
2687	2796
2688	2732
2689	2752
2689	2798
2690	2799
2691	2712
2691	2755
2692	2693
2692	2733
2692	2757
2693	2733
2693	2757
2694	2781
2694	2800
2695	2802
2697	2738
2698	2739
2698	2785
2698	2803
2699	2804
2706	2793
2707	2775
2711	2753
2713	2753
2713	2754
2715	2717
2715	2759
2716	2758
2716	2780
2717	2759
2718	2781
2718	2800
2719	2744
2721	2722
2722	2789
2726	2771
2727	2772
2728	2729
2729	2795
2733	2757
2734	2758
2736	2737
2736	2762
2737	2762
2739	2785
2740	2805
2741	2806
2745	2795
2750	2751
2752	2798
2758	2780
2764	2783
2767	2768
2773	2774
2777	2797
2781	2800
2785	2803
2788	2807
2808	2809
2810	2813
2810	2816
2811	2812
2813	2816
2814	2817
2818	2870
2818	2871
2818	2926
2818	3029
2818	3231
2819	2977
2819	2978
2819	3232
2820	2874
2820	3236
2822	3287
2823	2875
2823	2929
2823	2981
2823	3176
2823	3188
2824	3081
2824	3082
2824	3084
2824	3190
2824	3194
2824	3288
2824	3289
2825	2983
2825	3083
2825	3130
2826	2985
2826	3242
2826	3243
2826	3292
2827	2932
2827	3038
2827	3177
2828	2880
2828	2882
2828	3135
2829	3042
2829	3086
2830	2939
2830	2944
2830	3300
2831	2944
2831	3092
2831	3200
2832	2946
2832	2991
2832	3141
2833	2834
2833	3048
2834	3048
2834	3254
2835	2950
2836	2950
2836	3096
2837	2894
2837	3095
2837	3205
2838	3050
2839	3097
2840	2895
2840	3053
2841	2998
2841	3206
2842	2999
2842	3098
2843	3001
2844	2998
2844	3000
2845	2896
2846	3056
2847	3057
2847	3312
2848	3260
2849	3059
2850	3108
2850	3216
2851	2906
2851	3063
2851	3064
2851	3318
2852	3019
2854	2913
2854	2963
2854	3273
2855	3180
2856	2964
2857	3067
2858	2917
2858	3024
2858	3162
2859	3024
2861	3025
2861	3118
2861	3221
2862	3334
2863	3025
2863	3026
2863	3224
2864	3072
2864	3074
2864	3119
2865	3181
2865	3225
2865	3276
2866	3229
2867	3171
2867	3173
2867	3278
2868	3172
2869	2924
2869	3174
2869	3230
2869	3281
2870	2926
2870	3029
2871	2926
2871	3184
2872	2926
2872	2979
2872	3078
2872	3184
2874	3236
2875	2929
2875	3176
2875	3189
2875	3237
2875	3238
2876	3191
2876	3193
2878	2984
2878	3132
2879	2984
2879	3132
2880	2882
2881	2931
2882	3040
2882	3245
2883	3041
2883	3198
2883	3247
2883	3296
2883	3297
2884	2936
2884	3245
2885	3089
2885	3137
2886	2940
2886	3089
2886	3137
2886	3298
2887	3091
2887	3199
2887	3251
2887	3301
2888	2889
2888	3140
2888	3200
2888	3252
2889	2890
2889	3140
2889	3200
2890	2891
2890	3044
2890	3140
2891	3044
2891	3140
2892	2949
2894	3095
2897	2898
2899	3259
2902	2903
2902	3106
2903	3106
2904	2959
2904	3061
2904	3109
2904	3217
2904	3314
2905	3107
2906	2961
2906	3063
2908	3015
2910	3272
2910	3323
2911	3066
2911	3180
2912	3113
2912	3270
2913	2914
2913	2963
2913	3273
2914	3328
2915	3159
2916	3023
2916	3115
2916	3160
2917	3024
2918	3116
2918	3163
2919	3026
2919	3073
2919	3221
2919	3223
2919	3335
2919	3336
2920	3028
2920	3123
2920	3169
2920	3170
2920	3276
2920	3277
2920	3339
2921	3170
2921	3182
2921	3277
2921	3339
2923	3183
2924	3230
2924	3281
2925	3077
2928	3080
2929	3176
2929	3239
2932	3038
2934	2986
2934	3244
2935	2937
2935	3197
2936	3135
2936	3245
2936	3298
2937	3087
2937	3197
2938	2987
2938	3088
2938	3246
2939	3300
2940	3091
2940	3137
2940	3299
2941	2943
2941	3300
2942	2945
2942	3250
2943	3300
2944	3200
2946	3141
2946	3202
2947	3142
2948	3178
2948	3470
2948	3481
2949	3047
2951	3096
2952	2953
2952	3054
2952	3099
2952	3101
2953	3101
2953	3309
2954	3208
2955	2956
2955	3055
2955	3257
2955	3311
2956	3055
2956	3257
2956	3311
2957	3004
2957	3005
2957	3102
2957	3212
2958	3103
2958	3215
2959	3109
2960	3012
2960	3316
2961	3064
2961	3321
2962	3017
2963	3273
2965	3022
2965	3114
2966	3023
2968	3225
2968	3337
2968	3338
2969	3076
2969	3122
2970	3125
2970	3172
2973	2975
2973	3031
2973	3283
2975	3175
2975	3283
2976	3186
2976	3235
2977	2978
2977	3184
2977	3234
2977	3284
2978	3184
2978	3234
2979	3185
2980	3034
2980	3128
2981	3188
2982	3192
2982	3288
2983	3130
2983	3240
2984	3132
2985	3242
2986	3133
2988	3042
2988	3043
2988	3139
2989	3252
2989	3300
2990	3178
2990	3303
2991	3253
2992	2993
2992	3302
2993	3093
2993	3305
2994	3203
2995	3050
2997	3097
2998	3000
2999	3146
3000	3001
3002	3821
3002	3838
3002	3856
3003	3210
3005	3102
3006	3151
3006	3313
3007	3009
3007	3151
3007	3213
3007	3313
3008	3105
3008	3215
3008	3833
3008	3839
3008	3858
3008	3872
3011	3154
3011	3315
3012	3264
3012	3316
3013	3155
3013	3264
3013	3316
3015	3265
3016	3017
3016	3018
3016	3267
3016	3321
3017	3267
3018	3321
3019	3271
3020	3156
3020	3324
3021	3112
3021	3219
3022	3114
3022	3331
3023	3115
3023	3160
3024	3162
3025	3026
3025	3118
3025	3221
3026	3118
3026	3335
3027	3221
3028	3124
3028	3168
3028	3276
3031	3283
3032	3077
3033	3186
3034	3128
3034	3234
3035	3185
3036	3190
3036	3289
3037	3292
3038	3039
3039	3177
3041	3198
3041	3247
3041	3249
3041	3297
3042	3043
3042	3086
3042	3139
3046	3201
3046	3304
3047	3302
3050	3204
3051	3099
3052	3204
3052	3256
3052	3307
3053	3309
3054	3101
3054	3309
3055	3257
3055	3311
3056	3149
3057	3259
3057	3261
3060	3263
3061	3314
3062	3265
3063	3318
3066	3157
3068	3161
3069	3165
3070	3167
3072	3119
3073	3224
3073	3336
3075	3120
3075	3121
3078	3184
3078	3284
3079	3286
3080	3235
3080	3285
3081	3288
3082	3194
3083	3241
3084	3192
3084	3290
3085	3294
3085	3295
3087	3197
3089	3137
3090	3248
3091	3137
3091	3251
3091	3301
3092	3200
3097	3204
3101	3309
3105	3214
3105	3215
3105	3829
3105	3858
3105	3872
3108	3216
3109	3217
3110	3217
3111	3266
3111	3319
3112	3219
3112	3272
3112	3326
3113	3270
3113	3327
3115	3220
3116	3161
3117	3330
3120	3121
3121	3334
3122	3227
3123	3276
3124	3168
3124	3181
3124	3226
3124	3276
3127	3284
3128	3233
3128	3284
3129	3175
3129	3187
3131	3191
3131	3193
3131	3291
3134	3244
3136	3196
3137	3138
3138	3299
3138	3301
3140	3200
3141	3202
3141	3253
3145	3306
3146	3306
3147	3179
3147	3207
3147	3208
3148	3208
3148	3210
3148	3310
3150	3260
3150	3312
3151	3213
3151	3313
3153	3154
3155	3316
3157	3270
3158	3324
3168	3276
3168	3339
3169	3170
3169	3277
3169	3337
3169	3338
3170	3277
3170	3339
3175	3283
3175	3285
3176	3189
3176	3239
3178	3303
3178	3470
3179	3209
3179	3310
3180	3325
3180	3327
3181	3226
3181	3276
3182	3277
3182	3339
3184	3284
3186	3285
3189	3237
3190	3194
3191	3193
3195	3293
3197	3295
3198	3247
3198	3249
3198	3296
3198	3297
3199	3301
3207	3308
3214	3829
3214	3858
3215	3872
3217	3314
3218	3269
3221	3224
3222	3275
3223	3336
3226	3276
3228	3229
3229	3279
3231	3232
3235	3285
3240	3241
3243	3292
3244	3295
3247	3249
3247	3296
3247	3297
3256	3307
3259	3260
3259	3261
3259	3312
3264	3317
3274	3329
3276	3339
3277	3337
3277	3338
3277	3339
3281	3282
3282	3819
3283	3285
3294	3295
3296	3297
3332	3333
3337	3338
3340	3396
3340	3397
3341	3454
3342	3385
3342	3480
3343	3360
3344	3400
3347	3362
3349	3373
3350	3390
3351	3461
3352	3375
3352	3426
3354	3473
3355	3380
3355	3381
3355	3447
3356	3450
3357	3453
3358	3456
3358	3457
3359	3384
3359	3399
3361	3415
3361	3437
3363	3420
3363	3442
3364	3374
3365	3446
3371	3419
3371	3421
3372	3484
3374	3427
3374	3462
3375	3376
3375	3377
3375	3428
3376	3428
3378	3431
3378	3432
3379	3408
3379	3463
3380	3381
3383	3478
3384	3399
3384	3411
3386	3471
3387	3483
3388	3472
3391	3392
3395	3477
3396	3397
3398	3434
3398	3435
3400	3468
3401	3439
3403	3404
3403	3486
3403	3487
3404	3486
3404	3487
3405	3406
3405	3452
3406	3452
3408	3463
3410	3436
3415	3437
3418	3459
3419	3421
3420	3442
3423	3444
3425	3445
3427	3462
3429	3489
3431	3432
3431	3473
3433	3491
3434	3435
3438	3469
3440	3441
3448	3474
3451	3476
3457	3480
3466	3467
3467	3479
3470	3481
3475	3502
3482	3483
3492	3534
3493	3494
3493	3507
3494	3507
3496	3524
3496	3539
3497	3502
3498	3513
3499	3525
3499	3526
3500	3521
3500	3545
3501	3544
3503	3508
3504	3516
3504	3543
3505	3510
3506	3511
3509	3530
3509	3546
3509	3548
3512	3533
3514	3527
3514	3540
3515	3520
3515	3535
3516	3522
3517	3537
3518	3544
3520	3535
3523	3549
3524	3539
3525	3526
3527	3540
3530	3531
3530	3546
3530	3548
3531	3546
3531	3547
3531	3548
3532	3547
3536	3545
3542	3545
3551	3564
3551	3573
3552	3616
3553	3582
3554	3555
3554	3592
3555	3574
3557	3577
3558	3609
3559	3618
3560	3621
3561	3571
3561	3611
3562	3611
3563	3606
3564	3573
3565	3598
3566	3575
3566	3592
3566	3608
3567	3568
3569	3619
3569	3627
3570	3605
3573	3597
3573	3612
3574	3583
3574	3584
3575	3608
3576	3600
3577	3578
3578	3593
3578	3625
3579	3586
3579	3618
3580	3589
3580	3595
3580	3622
3581	3589
3581	3604
3582	3623
3585	3601
3585	3624
3586	3618
3587	3626
3588	3628
3588	3629
3589	3622
3589	3623
3592	3608
3593	3625
3595	3605
3599	3614
3600	3615
3601	3617
3602	3620
3603	3605
3604	3631
3607	3612
3610	3621
3617	3624
3619	3627
3628	3629
3633	3704
3634	3651
3635	3664
3637	3665
3638	3672
3639	3672
3639	3724
3640	3705
3641	3675
3641	3685
3641	3697
3641	3727
3642	3698
3643	3659
3643	3706
3644	3667
3644	3686
3645	3729
3646	3730
3647	3660
3647	3735
3648	3661
3648	3677
3648	3700
3649	3689
3649	3701
3652	3714
3653	3654
3653	3881
3654	3881
3654	3884
3655	3674
3656	3675
3656	3685
3658	3685
3660	3669
3660	3687
3661	3700
3662	3702
3662	3731
3663	3694
3664	3734
3665	3724
3666	3685
3666	3697
3667	3686
3668	3730
3669	3687
3669	3735
3670	3721
3672	3716
3675	3727
3676	3699
3676	3730
3677	3688
3678	3679
3678	3690
3678	3691
3678	3703
3678	3719
3679	3690
3679	3691
3679	3703
3680	3720
3681	3721
3682	3709
3683	3893
3690	3691
3690	3702
3691	3703
3692	3713
3692	3733
3695	3723
3696	3734
3697	3727
3702	3731
3703	3719
3707	3718
3708	3722
3709	3720
3711	3712
3711	3732
3712	3732
3714	3893
3717	3726
3736	3754
3736	3773
3737	3765
3738	3770
3739	3747
3739	3757
3740	3741
3740	3747
3742	3747
3744	3755
3744	3767
3745	3751
3745	3755
3745	3762
3745	3767
3745	3770
3746	3756
3746	3768
3747	3757
3749	3769
3750	3766
3750	3773
3751	3762
3751	3770
3752	3763
3755	3767
3755	3770
3756	3763
3756	3768
3757	3760
3757	3771
3758	3764
3761	3774
3765	3773
3766	3773
3767	3770
3775	3796
3776	3784
3776	3791
3776	3799
3777	3784
3778	3802
3779	3797
3781	3786
3782	3787
3783	3793
3785	3805
3785	3809
3787	3818
3788	3793
3788	3817
3789	3794
3790	3800
3790	3801
3791	3799
3792	3810
3792	3814
3793	3817
3798	3811
3800	3801
3800	3812
3801	3812
3803	3804
3805	3809
3806	3807
3806	3813
3807	3813
3810	3814
3815	3816
3820	3828
3821	3838
3821	3851
3821	3856
3822	3823
3823	3852
3823	3873
3824	3839
3824	3846
3824	3855
3825	3844
3826	3838
3829	3872
3830	3850
3830	3862
3830	3865
3830	3866
3831	3832
3831	3835
3831	3843
3831	3854
3831	3868
3831	3869
3832	3843
3832	3854
3832	3869
3833	3839
3833	3846
3833	3858
3834	3864
3835	3854
3835	3869
3837	3870
3838	3851
3838	3856
3839	3846
3839	3858
3840	3853
3840	3860
3840	3874
3841	3861
3842	3866
3842	3867
3842	3875
3843	3854
3843	3868
3845	3871
3846	3858
3847	3855
3848	3874
3849	3861
3850	3866
3850	3875
3852	3873
3853	3860
3862	3865
3866	3875
3868	3869
3876	3882
3876	3894
3877	3886
3878	3891
3879	3888
3881	3884
3882	3894
3883	3892
3886	3891
