1178 1179 1180 1203 1204 1205 1224 1225 1255 1257 1288 1289 1290 1291 1292 1325 1327 1328 1356 1357 1359 1360 1375 1377 1403 1404 1405 1406 1441 1442 1444 1473 1474 1475 1477 1478 
2116 2117 2118 2164 2168 2252 2255 2304 2305 2308 2309 2350 2351 2352 2402 2405 2406 2407 2408 2409 2410 2440 2441 2472 2473 2509 2511 2512 2566 2567 2569 2572 2573 2574 2576 
617 620 647 648 649 650 672 674 676 677 678 697 698 700 705 721 722 723 742 744 748 767 768 769 770 801 811 812 835 836 860 861 863 
882 883 902 903 904 907 908 909 913 914 915 916 917 918 919 920 929 930 940 947 948 949 958 959 960 967 968 969 971 972 980 981 982 
188 210 302 635 636 638 639 661 665 666 667 668 688 691 692 693 717 735 736 738 759 761 790 792 795 805 854 855 877 878 879 
2818 2819 2870 2871 2872 2926 2977 2978 2979 2980 3029 3034 3035 3078 3127 3128 3184 3185 3231 3232 3233 3234 3284 
1181 1182 1206 1207 1208 1258 1259 1294 1296 1298 1334 1335 1337 1366 1367 1368 1379 1445 1446 1482 1485 
2828 2880 2882 2884 2885 2886 2887 2936 2940 3040 3089 3091 3135 3137 3138 3199 3245 3251 3298 3299 3301 
1194 1197 1242 1243 1277 1318 1320 1350 1351 1373 1374 1392 1393 1427 1433 1458 1460 1461 1462 
1502 1504 1506 1529 1530 1551 1588 1615 1630 1632 1648 1650 1651 1665 1682 1683 1705 1707 1720 
2865 2920 2921 2968 3028 3123 3124 3168 3169 3170 3181 3182 3225 3226 3276 3277 3337 3338 3339 
619 621 651 652 679 699 702 725 746 747 771 772 773 774 815 816 837 864 
2095 2194 2195 2196 2197 2281 2282 2284 2286 2287 2331 2381 2382 2447 2448 2449 2543 2544 
2119 2120 2166 2217 2256 2257 2301 2306 2311 2354 2412 2474 2514 2516 2568 2575 2578 
2830 2831 2888 2889 2890 2891 2939 2941 2943 2944 2989 3044 3092 3140 3200 3252 3300 
986 1001 1014 1015 1031 1044 1045 1046 1047 1072 1073 1074 1088 1105 1107 1121 
1828 1839 1841 1845 1910 1912 1932 1933 1948 1950 1973 2014 2015 2043 2086 2087 
2132 2186 2227 2229 2275 2321 2322 2323 2425 2487 2488 2531 2532 2534 2535 2595 
2152 2155 2204 2244 2339 2389 2391 2392 2456 2457 2500 2502 2503 2505 2555 
2958 3008 3103 3105 3214 3215 3824 3829 3833 3839 3846 3847 3855 3858 3872 
502 530 531 532 557 558 559 571 573 574 588 606 607 608 
998 1009 1010 1026 1064 1065 1068 1084 1094 1095 1118 1119 1153 1154 
2111 2114 2156 2162 2163 2211 2213 2247 2250 2400 2439 2465 2510 2560 
2928 2973 2975 2976 3031 3033 3080 3129 3175 3186 3187 3235 3283 3285 
123 124 127 128 129 132 137 142 143 154 155 161 162 
319 330 331 345 346 347 354 374 380 390 391 410 411 
895 896 925 926 927 935 944 945 955 964 965 975 976 
1023 1024 1025 1036 1037 1058 1081 1083 1114 1131 1134 1150 1151 
1488 1540 1567 1568 1569 1570 1621 1622 1623 1624 1673 1674 1711 
2225 2226 2315 2317 2318 2366 2367 2422 2528 2592 2660 2808 2809 
2861 2863 2919 3025 3026 3027 3073 3118 3221 3223 3224 3335 3336 
3553 3570 3580 3581 3582 3589 3595 3603 3604 3605 3622 3623 3631 
460 461 462 463 474 507 508 524 581 594 595 596 
1013 1027 1028 1039 1040 1085 1097 1098 1120 1137 1156 1157 
2100 2102 2144 2145 2146 2199 2200 2293 2294 2334 2452 2553 
2112 2115 2159 2161 2167 2212 2245 2246 2346 2348 2468 2471 
2824 2982 3036 3081 3082 3084 3190 3192 3194 3288 3289 3290 
2851 2906 2961 2962 3016 3017 3018 3063 3064 3267 3318 3321 
2934 2935 2937 2986 3085 3087 3133 3134 3197 3244 3294 3295 
311 320 321 350 355 362 364 372 398 413 415 
1160 1161 1185 1187 1210 1265 1307 1340 1371 1384 1412 
1171 1172 1196 1246 1248 1280 1394 1395 1431 1432 1463 
1191 1214 1216 1241 1273 1316 1317 1345 1391 1422 1455 
1499 1501 1550 1552 1553 1613 1614 1631 1633 1703 1719 
2214 2248 2302 2303 2347 2398 2403 2467 2470 2507 2570 
2954 3003 3147 3148 3179 3207 3208 3209 3210 3308 3310 
1005 1022 1035 1053 1054 1079 1128 1144 1146 1147 
1006 1007 1060 2621 2624 2625 2700 2741 2787 2806 
1164 1165 1234 1236 1269 1309 1313 1343 1450 1451 
1491 1518 1519 1574 1627 1676 1677 1678 1693 1694 
1827 1913 1935 1936 1947 1951 2044 2045 2069 2085 
2108 2110 2206 2297 2298 2393 2460 2461 2504 2556 
2123 2124 2172 2219 2220 2260 2413 2518 2581 2585 
2823 2875 2929 2981 3176 3188 3189 3237 3238 3239 
2838 2839 2995 2997 3050 3052 3097 3204 3256 3307 
2840 2895 2952 2953 3051 3053 3054 3099 3101 3309 
2855 2911 2912 3066 3113 3157 3180 3270 3325 3327 
430 431 1726 1733 1734 1756 1761 1766 1767 
470 486 487 505 515 548 549 576 611 
1002 1016 1032 1033 1049 1050 1076 1123 1142 
1494 1527 1580 1606 1607 1663 1700 1716 1717 
1509 1510 1559 1561 1635 1655 1686 1690 1709 
1536 1560 1562 1563 1590 1616 1656 1657 1691 
1732 1739 1740 1743 1753 1755 1759 1760 1765 
2122 2173 2174 2262 2264 2265 2477 2521 2583 
2150 2151 2205 2208 2343 2388 2390 2458 2459 
2847 2848 2899 3057 3150 3259 3260 3261 3312 
3554 3555 3566 3574 3575 3583 3584 3592 3608 
3662 3678 3679 3690 3691 3702 3703 3719 3731 
181 213 214 227 229 392 393 394 
237 727 779 818 819 820 821 866 
303 304 318 366 384 385 386 401 
307 308 338 339 340 351 369 408 
425 427 433 436 438 439 442 450 
465 479 494 510 528 545 554 603 
467 469 482 503 513 547 575 609 
633 732 733 785 824 845 846 870 
662 689 793 794 897 912 928 984 
886 911 921 933 951 952 957 963 
1832 1884 1885 1904 1905 1985 2034 2057 
1882 1903 1924 1926 2032 2033 2055 2056 
2104 2105 2106 2147 2203 2240 2387 2453 
2121 2171 2261 2313 2355 2356 2476 2582 
2892 2949 2992 2993 3047 3093 3302 3305 
3641 3656 3658 3666 3675 3685 3697 3727 
3738 3744 3745 3751 3755 3762 3767 3770 
3739 3740 3741 3742 3747 3757 3760 3771 
3830 3842 3850 3862 3865 3866 3867 3875 
131 145 150 151 159 160 164 
176 269 282 293 294 295 329 
455 456 471 490 491 536 590 
473 506 520 522 539 562 598 
480 499 500 555 587 601 604 
613 616 671 720 807 808 810 
739 763 764 831 832 833 880 
906 910 922 932 934 942 950 
1188 1268 1310 1311 1372 1416 1452 
1209 1229 1264 1303 1305 1411 1448 
1233 1237 1266 1312 1386 1417 1418 
1293 1330 1332 1480 2133 2187 2228 
1487 1513 1538 1539 1565 1566 1668 
1493 1524 1526 1603 1641 1642 1662 
1498 1528 1548 1611 1612 1647 1701 
1727 1728 1735 1746 1762 1763 1769 
1785 1796 1810 1813 1821 1822 1826 
1848 1859 1914 1995 2016 2070 2088 
1861 1984 2003 2030 2053 2054 2078 
1878 1900 1901 1922 2029 2076 2077 
1888 1889 1930 1931 1945 2010 2038 
1896 1921 1962 1979 2048 2073 2074 
2093 2094 2140 2233 2280 2490 2542 
2099 2235 2333 2546 2548 2549 2550 
2238 2239 2291 2292 2386 2551 2552 
2404 2613 2667 2716 2734 2758 2780 
2607 2629 2630 2649 2682 2709 2748 
2611 2635 2651 2687 2690 2796 2799 
2626 2662 2673 2674 2675 2788 2807 
2841 2843 2844 2998 3000 3001 3206 
2869 2924 3174 3230 3281 3282 3819 
2883 3041 3198 3247 3249 3296 3297 
2904 2959 3061 3109 3110 3217 3314 
2910 3021 3112 3219 3272 3323 3326 
2960 3012 3013 3155 3264 3316 3317 
3509 3530 3531 3532 3546 3547 3548 
3637 3638 3639 3665 3672 3716 3724 
3736 3737 3750 3754 3765 3766 3773 
3831 3832 3835 3843 3854 3868 3869 
185 186 202 219 220 300 
459 521 523 706 708 776 
477 495 496 497 543 544 
614 615 642 766 834 858 
663 664 690 716 760 791 
680 703 704 707 775 839 
885 893 943 953 974 983 
985 1086 1087 1100 1138 1139 
1489 1515 1516 1573 1595 1626 
1507 1531 1666 1684 1704 1708 
1508 1535 1556 1634 1652 1685 
1724 1730 1731 1738 1758 1764 
1772 1780 1793 1814 1820 1825 
1779 1784 1791 1792 1806 1812 
1842 1843 1990 2009 2012 2082 
1844 1871 1891 1994 2040 2065 
1872 2071 3382 3475 3497 3502 
1915 1955 2025 2046 2047 2089 
2148 2337 2338 2436 2454 2495 
2157 2342 2395 2464 2466 2564 
2160 2249 2344 2397 2561 2565 
2210 2299 2399 2463 2562 2563 
2273 2316 2364 2365 2423 2486 
2345 2666 2691 2712 2755 2756 
2618 2638 2656 2697 2738 2784 
2628 2647 2728 2729 2745 2795 
2665 2711 2713 2753 2754 2779 
2825 2983 3083 3130 3240 3241 
2826 2985 3037 3242 3243 3292 
2829 2988 3042 3043 3086 3139 
2832 2946 2991 3141 3202 3253 
2842 2999 3098 3145 3146 3306 
2854 2913 2914 2963 3273 3328 
2916 2966 3023 3115 3160 3220 
2948 2990 3178 3303 3470 3481 
3002 3821 3826 3838 3851 3856 
3006 3007 3009 3151 3213 3313 
3342 3358 3385 3456 3457 3480 
3352 3375 3376 3377 3426 3428 
3551 3564 3573 3597 3607 3612 
16 71 76 77 98 
75 226 262 335 357 
136 138 139 146 149 
175 190 191 192 193 
612 640 670 740 741 
654 729 750 822 843 
659 756 827 873 875 
686 687 788 804 876 
990 992 1004 1020 1110 
1000 1042 1043 1099 1104 
1018 1077 1078 1090 1109 
1162 1186 1231 1304 1413 
1173 1249 1352 1465 1466 
1174 1175 1222 1251 1323 
1199 1282 1283 1354 1434 
1329 1358 1361 1443 1476 
1333 1365 1380 1408 1481 
1490 1517 1542 1596 1712 
1496 1546 1581 1609 1644 
1503 1532 1649 1653 1721 
1578 1639 1640 1695 1697 
1833 1834 1864 1890 1992 
1855 1860 1916 1956 2018 
1863 1870 1991 2011 2064 
1868 1906 1927 1942 1986 
1873 1958 1959 1976 2026 
1907 1970 1971 2036 2059 
2142 2289 2384 2491 2545 
2178 2360 2421 2526 2527 
2188 2325 2372 2373 2537 
2189 2327 2431 2596 2597 
2190 2277 2278 2539 2598 
2242 2438 2455 2498 2499 
2314 2415 2416 2478 2519 
2377 2432 2599 2600 2601 
2623 2661 2672 2767 2768 
2634 2650 2686 2777 2797 
2639 2698 2739 2785 2803 
2827 2932 3038 3039 3177 
2835 2836 2950 2951 3096 
2858 2859 2917 3024 3162 
2862 3075 3120 3121 3334 
2876 3131 3191 3193 3291 
2918 3068 3116 3161 3163 
2955 2956 3055 3257 3311 
2957 3004 3005 3102 3212 
3354 3378 3431 3432 3473 
3500 3521 3536 3542 3545 
3557 3577 3578 3593 3625 
3646 3668 3676 3699 3730 
3647 3660 3669 3687 3735 
3648 3661 3677 3688 3700 
3746 3752 3756 3763 3768 
3776 3777 3784 3791 3799 
3840 3848 3853 3860 3874 
15 63 64 370 
19 34 35 43 
82 96 99 205 
121 122 165 166 
216 217 218 254 
270 684 780 823 
312 381 414 416 
337 403 405 406 
379 395 396 412 
423 424 437 441 
458 492 493 552 
481 529 556 570 
484 485 504 514 
542 582 583 599 
567 568 586 602 
627 628 710 781 
644 645 696 765 
675 743 800 813 
681 682 782 841 
730 731 753 754 
889 890 900 946 
905 931 939 970 
987 1048 1075 1122 
999 1069 1101 2605 
1019 1051 1108 1124 
1038 1061 1062 1115 
1059 1082 1133 1152 
1158 1262 1301 1339 
1159 1263 1302 1410 
1166 1190 1212 1454 
1177 1202 1402 1440 
1184 1227 1299 1369 
1221 1223 1284 1398 
1235 1267 1387 1388 
1244 1278 1279 1428 
1253 1285 1286 1436 
1287 1324 1355 1400 
1497 1584 1646 1754 
1505 1554 1555 1589 
1525 1604 1628 1699 
1533 1534 1557 1654 
1583 1645 1664 1757 
1585 1586 1587 1629 
1591 1617 1620 1710 
1599 1636 1679 1713 
1722 1736 1748 1770 
1737 1742 1750 1771 
1774 1786 1794 1816 
1788 1803 1818 1823 
1836 1853 1858 2041 
1840 1892 1911 1975 
1847 1946 1974 2042 
1849 2006 2024 2035 
1897 1980 2022 2027 
1899 1982 2000 2001 
1908 1943 1969 1987 
1920 1939 1996 1997 
1940 1998 1999 2023 
1952 1953 1954 2017 
2126 2176 2223 2524 
2129 2131 2183 2274 
2130 2319 2320 2593 
2138 2231 2328 2378 
2139 2445 2446 2541 
2141 2234 2450 2792 
2143 2198 2385 2434 
2169 2411 2414 2580 
2193 2329 2379 2380 
2221 2357 2520 2522 
2224 2270 2420 2482 
2241 2437 2496 2554 
2417 2479 2586 2590 
2602 2603 2726 2771 
2616 2669 2743 2761 
2620 2658 2740 2805 
2627 2721 2722 2789 
2636 2695 2696 2802 
2655 2736 2737 2762 
2692 2693 2733 2757 
2694 2718 2781 2800 
2833 2834 3048 3254 
2837 2894 3095 3205 
2864 3072 3074 3119 
2866 3228 3229 3279 
2867 3171 3173 3278 
2868 2970 3125 3172 
2878 2879 2984 3132 
2908 3015 3062 3265 
2938 2987 3088 3246 
2965 3022 3114 3331 
2969 3076 3122 3227 
3011 3153 3154 3315 
3020 3156 3158 3324 
3355 3380 3381 3447 
3359 3384 3399 3411 
3364 3374 3427 3462 
3403 3404 3486 3487 
3504 3516 3522 3543 
3559 3579 3586 3618 
3561 3562 3571 3611 
3585 3601 3617 3624 
3635 3664 3696 3734 
3652 3683 3714 3893 
3653 3654 3881 3884 
3680 3682 3709 3720 
3783 3788 3793 3817 
3790 3800 3801 3812 
3822 3823 3852 3873 
3877 3878 3886 3891 
4 8 66 
5 49 81 
20 65 89 
23 78 292 
87 91 114 
107 108 115 
118 119 152 
126 130 135 
208 288 301 
236 251 252 
246 256 257 
309 343 360 
323 373 383 
421 422 429 
440 444 449 
453 454 550 
466 512 605 
468 483 533 
511 526 527 
516 577 589 
622 777 817 
626 709 749 
630 728 783 
637 737 853 
655 685 825 
669 856 857 
694 762 796 
701 724 745 
715 758 787 
726 802 842 
898 938 977 
966 1012 1136 
991 1034 1126 
995 1092 1093 
996 1008 1116 
1003 1017 1089 
1011 1067 1135 
1056 1057 1132 
1080 1129 1148 
1091 1111 1127 
1112 1113 1149 
1163 1308 1449 
1169 1218 1219 
1176 1438 1439 
1192 1193 1344 
1200 1468 1469 
1211 1315 1453 
1220 1281 1467 
1238 1314 1390 
1261 1297 1409 
1295 1336 1483 
1300 1370 1381 
1306 2336 2494 
1348 1426 1459 
1362 1407 1479 
1492 1597 1598 
1495 1608 1680 
1511 1618 1619 
1512 1564 1692 
1521 1637 1660 
1537 1659 1689 
1541 1571 1572 
1544 1576 1661 
1558 1687 1688 
1592 1671 1672 
1725 1745 1752 
1741 1747 1768 
1775 1787 1800 
1778 1783 1795 
1790 1811 1819 
1807 1809 1824 
1854 1893 1934 
1856 2019 2090 
1867 2050 2051 
1869 1909 1988 
1879 1983 2004 
1881 1941 2079 
1883 1925 2005 
1898 1981 2028 
1918 1919 1957 
1937 1949 2068 
1944 2008 2062 
1960 1961 1978 
1963 2021 2049 
1972 1993 2013 
2096 2383 2451 
2097 2098 2332 
2109 2153 2207 
2127 2177 2418 
2134 2371 2536 
2135 2230 2429 
2170 2312 2515 
2175 2523 2588 
2180 2484 2529 
2184 2368 2424 
2215 2216 2571 
2218 2475 2517 
2251 2253 2349 
2269 2419 2481 
2276 2326 2538 
2290 2493 2547 
2310 2513 2735 
2324 2427 2428 
2604 2776 2794 
2633 2750 2751 
2670 2764 2783 
2689 2752 2798 
2715 2717 2759 
2810 2813 2816 
2820 2874 3236 
2846 3056 3149 
2850 3108 3216 
2852 3019 3271 
2902 2903 3106 
2925 3032 3077 
2942 2945 3250 
3046 3201 3304 
3111 3266 3319 
3340 3396 3397 
3344 3400 3468 
3361 3415 3437 
3363 3420 3442 
3371 3419 3421 
3379 3408 3463 
3387 3482 3483 
3398 3434 3435 
3405 3406 3452 
3466 3467 3479 
3493 3494 3507 
3496 3524 3539 
3499 3525 3526 
3501 3518 3544 
3514 3527 3540 
3515 3520 3535 
3560 3610 3621 
3569 3619 3627 
3576 3600 3615 
3588 3628 3629 
3643 3659 3706 
3644 3667 3686 
3649 3689 3701 
3670 3681 3721 
3692 3713 3733 
3711 3712 3732 
3782 3787 3818 
3785 3805 3809 
3792 3810 3814 
3806 3807 3813 
3841 3849 3861 
3876 3882 3894 
6 56 
9 88 
11 68 
12 13 
24 42 
50 86 
79 104 
85 105 
95 102 
106 113 
144 156 
147 148 
153 158 
167 168 
173 174 
180 279 
182 623 
189 209 
194 196 
203 221 
206 243 
211 249 
225 231 
228 240 
230 322 
235 275 
247 274 
267 278 
277 289 
298 299 
315 365 
316 418 
325 352 
333 363 
341 358 
387 402 
420 434 
428 447 
432 446 
435 448 
452 517 
475 565 
489 578 
501 569 
509 564 
518 535 
519 592 
540 541 
546 572 
560 610 
566 600 
580 593 
584 585 
641 806 
643 719 
656 826 
658 872 
683 869 
695 798 
713 755 
714 871 
734 850 
752 803 
786 851 
789 852 
809 859 
838 840 
848 849 
881 892 
887 894 
888 956 
891 961 
899 901 
923 924 
936 937 
954 1063 
988 989 
993 1021 
1029 1070 
1041 1102 
1066 1117 
1071 1106 
1096 1155 
1103 1140 
1141 1143 
1168 1217 
1183 1484 
1201 1472 
1213 1240 
1226 1378 
1230 1383 
1232 1341 
1239 1270 
1252 1399 
1254 1326 
1274 1423 
1275 1346 
1276 1349 
1321 1396 
1342 1415 
1385 1414 
1389 1419 
1425 1457 
1500 1702 
1520 1638 
1523 1601 
1543 1729 
1547 1610 
1579 1605 
1582 1681 
1593 1675 
1594 1625 
1600 1714 
1643 1715 
1669 1670 
1723 1749 
1744 1751 
1776 1782 
1777 1801 
1797 1798 
1804 1805 
1829 1917 
1830 2072 
1831 2075 
1835 1837 
1838 1857 
1846 1938 
1850 2061 
1851 1852 
1862 1929 
1876 1966 
1877 1967 
1886 2080 
1902 1923 
1965 2002 
1989 2081 
2020 2091 
2092 2192 
2125 2358 
2128 2271 
2137 2191 
2154 2462 
2165 2469 
2179 2483 
2181 2182 
2185 2444 
2222 2589 
2236 2237 
2243 2497 
2259 2579 
2266 2359 
2268 2587 
2272 2591 
2300 2401 
2340 2341 
2370 2594 
2374 2375 
2396 2558 
2430 2533 
2442 2480 
2489 2540 
2501 2609 
2606 2747 
2608 2710 
2612 2778 
2615 2760 
2617 2637 
2619 2671 
2631 2749 
2640 2766 
2641 2742 
2642 2703 
2645 2679 
2653 2668 
2657 2765 
2664 2681 
2677 2702 
2680 2725 
2685 2731 
2688 2732 
2699 2804 
2706 2793 
2707 2775 
2719 2744 
2727 2772 
2773 2774 
2811 2812 
2814 2817 
2822 3287 
2845 2896 
2849 3059 
2856 2964 
2857 3067 
2881 2931 
2897 2898 
2905 3107 
2915 3159 
2923 3183 
2947 3142 
2994 3203 
3060 3263 
3069 3165 
3070 3167 
3079 3286 
3090 3248 
3117 3330 
3136 3196 
3195 3293 
3218 3269 
3222 3275 
3274 3329 
3332 3333 
3341 3454 
3343 3360 
3347 3362 
3349 3373 
3350 3390 
3351 3461 
3356 3450 
3357 3453 
3365 3446 
3372 3484 
3383 3478 
3386 3471 
3388 3472 
3391 3392 
3395 3477 
3401 3439 
3410 3436 
3418 3459 
3423 3444 
3425 3445 
3429 3489 
3433 3491 
3438 3469 
3440 3441 
3448 3474 
3451 3476 
3492 3534 
3498 3513 
3503 3508 
3505 3510 
3506 3511 
3512 3533 
3517 3537 
3523 3549 
3552 3616 
3558 3609 
3563 3606 
3565 3598 
3567 3568 
3587 3626 
3599 3614 
3602 3620 
3633 3704 
3634 3651 
3640 3705 
3642 3698 
3645 3729 
3655 3674 
3663 3694 
3695 3723 
3707 3718 
3708 3722 
3717 3726 
3749 3769 
3758 3764 
3761 3774 
3775 3796 
3778 3802 
3779 3797 
3781 3786 
3789 3794 
3798 3811 
3803 3804 
3815 3816 
3820 3828 
3825 3844 
3834 3864 
3837 3870 
3845 3871 
3879 3888 
3883 3892 
